-1.942776516079902649e-02
4.294366240501403809e-01
1.695970594882965088e-01
-1.734190247952938080e-02
-1.593401730060577393e-01
2.333346754312515259e-01
-4.167078435420989990e-02
-7.880624383687973022e-02
4.442618191242218018e-01
5.035610198974609375e-01
5.574076771736145020e-01
5.737428665161132812e-01
4.588699340820312500e-02
2.354617416858673096e-01
4.031401127576828003e-03
-1.357090193778276443e-02
3.839537501335144043e-01
-4.989189561456441879e-03
-2.994331764057278633e-03
6.323066949844360352e-01
3.638175502419471741e-02
2.634222246706485748e-02
-2.024121955037117004e-02
-3.481921926140785217e-02
-1.782589107751846313e-01
-1.024957746267318726e-01
-1.122174132615327835e-02
2.577129602432250977e-01
3.001405391842126846e-03
2.072948068380355835e-01
-8.132792077958583832e-03
2.151419036090373993e-02
-7.670657243579626083e-03
-1.499287635087966919e-01
-1.271161343902349472e-02
6.523557901382446289e-01
1.282979398965835571e-01
2.360548824071884155e-01
-2.156240940093994141e-01
4.032547175884246826e-01
3.748594820499420166e-01
-1.502249762415885925e-02
1.950471661984920502e-03
3.189564347267150879e-01
-5.131709389388561249e-03
6.500015966594219208e-03
6.559967994689941406e-01
-2.810355648398399353e-02
-2.375287860631942749e-01
-7.901400327682495117e-02
2.463153898715972900e-01
8.452976122498512268e-03
2.321872413158416748e-01
-3.412424027919769287e-02
1.764052808284759521e-01
-2.354795671999454498e-02
-4.568114131689071655e-02
-3.637487441301345825e-02
-9.202329441905021667e-03
-1.215505879372358322e-02
8.695427328348159790e-03
5.492217540740966797e-01
5.500457882881164551e-01
-2.489405125379562378e-02
1.417110562324523926e-01
-1.935344561934471130e-02
3.529965877532958984e-01
-4.067539796233177185e-02
2.903231382369995117e-01
-2.979203499853610992e-02
1.400724425911903381e-02
-1.730037108063697815e-02
4.123861193656921387e-01
4.836136698722839355e-01
4.113520383834838867e-01
2.330111712217330933e-02
4.237042069435119629e-01
-2.706091701984405518e-01
-3.109022080898284912e-01
1.124263256788253784e-01
1.130193620920181274e-01
6.312854290008544922e-01
2.337117679417133331e-02
-7.020439952611923218e-04
8.413982577621936798e-03
-6.331180222332477570e-03
4.382445812225341797e-01
2.321391366422176361e-02
-1.905639171600341797e-01
3.304020464420318604e-01
7.131914608180522919e-03
2.749370038509368896e-01
7.469484210014343262e-02
4.733485877513885498e-01
-9.137708693742752075e-03
4.828618466854095459e-01
-1.897884309291839600e-01
1.157503668218851089e-02
4.258850216865539551e-01
2.459065169095993042e-01
-1.855253241956233978e-02
-4.285971075296401978e-02
7.245461642742156982e-02
4.092304408550262451e-01
4.838908314704895020e-01
3.311153948307037354e-01
1.130549982190132141e-01
-3.942826390266418457e-02
5.159290432929992676e-01
5.073317289352416992e-01
2.469480931758880615e-01
3.537558913230895996e-01
-7.624436169862747192e-02
3.062677383422851562e-01
-1.930243223905563354e-01
-2.359772101044654846e-02
-4.110361263155937195e-02
-3.738347068428993225e-02
-1.124968752264976501e-01
4.541851580142974854e-01
-2.240163274109363556e-02
3.560483753681182861e-01
3.524349033832550049e-01
2.197274118661880493e-01
3.920724391937255859e-01
2.880312204360961914e-01
-2.061926387250423431e-02
3.351018428802490234e-01
2.430487275123596191e-01
-3.276526182889938354e-02
1.722664386034011841e-01
2.187158465385437012e-01
-9.003540128469467163e-02
-3.534641861915588379e-01
-1.415888313204050064e-02
-2.391779236495494843e-02
3.044218420982360840e-01
4.945187270641326904e-02
2.638747394084930420e-01
-2.134332433342933655e-03
5.946292877197265625e-01
2.358168661594390869e-01
2.258318103849887848e-02
1.063484605401754379e-02
4.407276809215545654e-01
1.433618515729904175e-01
-2.056033462285995483e-01
-4.232964292168617249e-02
4.412037134170532227e-01
3.856686055660247803e-01
-1.213686019182205200e-01
-1.095141051337122917e-03
1.344827711582183838e-01
-1.152202188968658447e-01
5.303236246109008789e-01
3.275885581970214844e-01
1.754737496376037598e-01
-1.778219826519489288e-02
-7.390961516648530960e-03
1.141455098986625671e-01
-4.342721030116081238e-02
-3.201404213905334473e-02
3.889045417308807373e-01
2.405574023723602295e-01
3.246621787548065186e-01
-1.710336096584796906e-02
4.366199076175689697e-01
-5.667591001838445663e-03
-7.412570994347333908e-03
1.075352076441049576e-02
6.186033487319946289e-01
-2.252450212836265564e-02
-4.396047443151473999e-02
-2.652618661522865295e-02
3.885106742382049561e-02
3.540093004703521729e-01
6.276657581329345703e-01
-5.736078601330518723e-03
-1.278744451701641083e-02
1.577563583850860596e-02
5.053671598434448242e-01
1.636924892663955688e-01
-3.853397443890571594e-03
-2.308737486600875854e-02
3.804037272930145264e-01
1.771474480628967285e-01
-4.581828135997056961e-03
4.139032661914825439e-01
1.181646734476089478e-01
1.282792538404464722e-01
4.090800583362579346e-01
4.764693230390548706e-02
4.137755334377288818e-01
-2.377501577138900757e-01
5.979771912097930908e-02
1.687956452369689941e-01
-4.285490885376930237e-02
-1.855930387973785400e-01
4.510396122932434082e-01
2.181989550590515137e-01
2.522167861461639404e-01
5.062102675437927246e-01
1.511473674327135086e-02
4.409731328487396240e-01
5.166364312171936035e-01
3.572896122932434082e-01
3.368904590606689453e-01
4.186633527278900146e-01
4.469786770641803741e-03
1.972234398126602173e-01
5.340845510363578796e-02
3.495790958404541016e-01
1.900932565331459045e-02
4.162068367004394531e-01
5.982134938240051270e-01
-2.764042317867279053e-01
-2.831229753792285919e-02
5.891175270080566406e-01
3.610261976718902588e-01
-2.721466310322284698e-02
8.732045069336891174e-03
3.761306703090667725e-01
3.302869796752929688e-01
2.180351503193378448e-02
-2.909691445529460907e-02
2.070136927068233490e-02
-2.039222978055477142e-02
-3.527812287211418152e-02
-3.738023713231086731e-02
-2.321639657020568848e-01
5.809261798858642578e-01
-9.531000256538391113e-02
-4.728655144572257996e-02
1.507974602282047272e-02
-3.336997702717781067e-02
-2.182238101959228516e-01
-2.372309938073158264e-02
5.449175834655761719e-01
2.120343446731567383e-01
1.053304038941860199e-02
5.056596994400024414e-01
4.926949143409729004e-01
4.097825288772583008e-01
-1.282969024032354355e-02
2.092386037111282349e-02
-1.307489424943923950e-01
3.845847547054290771e-01
3.724283277988433838e-01
2.740702033042907715e-01
2.676033414900302887e-02
1.340475399047136307e-03
2.812059819698333740e-01
1.156300231814384460e-01
1.478839516639709473e-01
-4.870028700679540634e-03
9.016907215118408203e-02
-3.551489859819412231e-02
1.507588773965835571e-01
4.713370203971862793e-01
3.467149734497070312e-01
5.132818818092346191e-01
3.396724462509155273e-01
4.848106801509857178e-01
2.694204151630401611e-01
9.718393534421920776e-02
7.615141570568084717e-02
-2.051177322864532471e-01
-8.656094968318939209e-02
-1.311844680458307266e-02
3.299903273582458496e-01
6.340394169092178345e-02
-2.233580127358436584e-02
2.483974397182464600e-02
3.250448703765869141e-01
-8.476115018129348755e-02
-3.053583949804306030e-02
2.691586911678314209e-01
3.175536394119262695e-01
-2.421400696039199829e-02
1.501185894012451172e-01
-2.640304528176784515e-02
-6.423039361834526062e-03
-2.758092619478702545e-02
1.745817065238952637e-01
4.111188352108001709e-01
-9.608852863311767578e-02
7.684926986694335938e-01
1.084338501095771790e-01
2.675206065177917480e-01
-5.564931407570838928e-02
2.563281059265136719e-01
1.738308370113372803e-01
3.688281178474426270e-01
1.413558274507522583e-01
4.437560141086578369e-01
3.322937190532684326e-01
5.610029697418212891e-01
-2.185104042291641235e-02
3.873625695705413818e-01
-3.967777639627456665e-02
-1.659356430172920227e-02
5.013396143913269043e-01
7.402577251195907593e-02
2.216158509254455566e-01
-1.784160733222961426e-01
-1.259097736328840256e-02
3.779518306255340576e-01
1.255444716662168503e-02
2.725990414619445801e-01
3.050925731658935547e-01
1.932945102453231812e-01
3.327800892293453217e-03
-1.334069576114416122e-02
4.127931892871856689e-01
-1.178744714707136154e-03
-4.232495278120040894e-02
4.024326801300048828e-01
-4.473713412880897522e-02
-1.639695465564727783e-02
-3.640828281641006470e-02
4.501617550849914551e-01
8.759634569287300110e-03
-2.768268343061208725e-03
1.453360356390476227e-02
2.490011230111122131e-02
1.171090290881693363e-03
2.607499957084655762e-01
3.734080493450164795e-01
-8.377730264328420162e-04
1.565802469849586487e-02
6.142043471336364746e-01
6.637293100357055664e-01
4.877105057239532471e-01
4.105602204799652100e-01
1.868181973695755005e-01
1.940067391842603683e-03
2.329042553901672363e-01
3.914990648627281189e-02
-1.022936124354600906e-02
-8.470777422189712524e-03
3.527393639087677002e-01
-1.624103984795510769e-03
2.655681967735290527e-01
-2.198246493935585022e-02
3.968285024166107178e-01
2.212487161159515381e-01
1.595336794853210449e-01
-7.351193111389875412e-03
4.843879044055938721e-01
4.951803684234619141e-01
4.445303380489349365e-01
-3.865420073270797729e-02
-2.149025648832321167e-01
7.030871510505676270e-01
-3.257253393530845642e-02
2.737207114696502686e-01
-3.310523182153701782e-02
-2.085008099675178528e-02
1.803471595048904419e-01
3.053374290466308594e-01
2.086228318512439728e-02
6.175869330763816833e-02
3.144204616546630859e-01
5.036253333091735840e-01
3.775822520256042480e-01
1.868762308731675148e-03
-3.214979544281959534e-02
1.304470840841531754e-02
2.599579691886901855e-01
1.087514683604240417e-01
2.322387844324111938e-01
-1.769986562430858612e-02
4.627810418605804443e-01
1.818491667509078979e-01
-1.345622986555099487e-01
5.743446350097656250e-01
5.159509778022766113e-01
-4.720134288072586060e-02
5.441716685891151428e-02
2.234485233202576637e-03
-2.118397504091262817e-01
4.518549442291259766e-01
-1.183676254004240036e-02
-3.425815328955650330e-02
-1.375265419483184814e-02
3.605914860963821411e-02
4.411837831139564514e-02
4.453127682209014893e-01
1.813425570726394653e-01
9.898604452610015869e-02
2.274142354726791382e-01
1.107340380549430847e-01
1.946952641010284424e-01
1.829765737056732178e-02
-1.826309412717819214e-01
2.758935093879699707e-01
4.086041152477264404e-01
-1.217200327664613724e-02
-2.996060252189636230e-02
-4.077371582388877869e-02
