2.678741514682769775e-01
-1.018008440732955933e-01
7.682409137487411499e-02
5.015444010496139526e-02
-1.583774089813232422e-01
1.867127716541290283e-01
-7.828806340694427490e-02
-1.570804566144943237e-01
1.062013506889343262e-01
7.651852816343307495e-02
-3.492796421051025391e-02
-9.823920577764511108e-02
3.991325572133064270e-02
-9.179128706455230713e-02
1.519233286380767822e-01
-4.449672624468803406e-02
2.990328148007392883e-02
-1.154092177748680115e-01
-2.113975211977958679e-02
6.952590495347976685e-02
