-2.033615559339523315e-01
-1.847934722900390625e-01
-1.570442914962768555e-01
-2.540183961391448975e-01
-2.439214736223220825e-01
-2.704014182090759277e-01
-1.384191960096359253e-01
-2.244103401899337769e-01
-2.260461002588272095e-01
-1.327965855598449707e-01
-1.557300835847854614e-01
-2.693153023719787598e-01
-2.321324050426483154e-01
-1.763716042041778564e-01
-2.033632844686508179e-01
-1.691443026065826416e-01
-2.038733065128326416e-01
-2.052056789398193359e-01
-2.569544315338134766e-01
-1.857923120260238647e-01
