-9.666431695222854614e-02
-1.360528543591499329e-02
5.349799990653991699e-01
-7.095526158809661865e-02
8.915391564369201660e-02
2.377860397100448608e-01
1.751001179218292236e-01
1.315726935863494873e-01
-2.738640904426574707e-01
8.793605118989944458e-02
3.948991298675537109e-01
3.245447576045989990e-01
2.166441380977630615e-01
-9.141029417514801025e-02
3.294412791728973389e-02
-1.703933626413345337e-01
1.090866625308990479e-01
2.489415109157562256e-01
-7.662791758775711060e-03
-1.381024867296218872e-01
-1.214315518736839294e-01
3.004154860973358154e-01
2.094750106334686279e-01
-1.976085305213928223e-01
-3.315251469612121582e-01
-3.223763704299926758e-01
-1.098193414509296417e-02
1.608496457338333130e-01
3.288443759083747864e-02
-1.010751351714134216e-01
9.977071732282638550e-02
-2.720594871789216995e-03
6.774633377790451050e-02
3.100509643554687500e-01
5.588634610176086426e-01
5.111613869667053223e-02
7.364549040794372559e-01
2.018668949604034424e-01
-5.967133492231369019e-02
2.010994255542755127e-01
2.932649254798889160e-01
9.868641197681427002e-02
1.676240563392639160e-01
2.629133462905883789e-01
-1.828136146068572998e-01
-1.772013753652572632e-01
-7.858958095312118530e-02
1.248887777328491211e-01
-3.195037245750427246e-01
-3.244761526584625244e-01
2.869546413421630859e-01
-2.054635733366012573e-01
7.188943773508071899e-02
4.141194224357604980e-01
-6.045804172754287720e-02
-2.212831005454063416e-02
3.713895976543426514e-01
1.759230345487594604e-01
1.005898416042327881e-01
1.582157611846923828e-01
5.676261782646179199e-01
8.621370792388916016e-02
-2.020681500434875488e-01
3.012001514434814453e-01
-9.635026007890701294e-02
4.753408432006835938e-01
6.150819063186645508e-01
2.486675977706909180e-01
1.551815569400787354e-01
3.176699578762054443e-01
8.651068806648254395e-02
7.047832608222961426e-01
2.332058101892471313e-01
-3.475790917873382568e-01
-2.191410511732101440e-01
1.652593612670898438e-01
1.165247410535812378e-01
5.195285677909851074e-01
1.834440082311630249e-01
3.904503881931304932e-01
4.185326993465423584e-01
1.297024637460708618e-01
-1.429505944252014160e-01
-2.439331412315368652e-01
-1.420842111110687256e-01
-2.023076415061950684e-01
-1.509781833738088608e-02
-2.679303884506225586e-01
-1.134397834539413452e-01
-2.747851908206939697e-01
-7.087595015764236450e-02
1.112642586231231689e-01
-6.643595099449157715e-01
-2.210057154297828674e-02
-1.399417221546173096e-01
9.246641770005226135e-03
-2.825686633586883545e-01
-1.874594837427139282e-01
-1.089440435171127319e-01
5.388048887252807617e-01
1.515048593282699585e-01
1.031580492854118347e-01
5.009556561708450317e-02
1.172546297311782837e-01
3.392701745033264160e-01
8.703709393739700317e-02
-4.690220355987548828e-01
1.948774605989456177e-01
-1.940098404884338379e-01
-1.793707460165023804e-01
-1.307969987392425537e-01
4.757533967494964600e-01
3.244301080703735352e-01
-9.129140526056289673e-02
2.977904379367828369e-01
1.471550315618515015e-01
4.142145514488220215e-01
4.525000751018524170e-01
1.275619864463806152e-01
4.357069730758666992e-01
8.162245154380798340e-02
-1.510552465915679932e-01
5.110188126564025879e-01
2.676349580287933350e-01
1.277908533811569214e-01
-1.318334341049194336e-01
1.296782195568084717e-01
-6.790903955698013306e-02
-1.042077615857124329e-01
2.786853909492492676e-01
-2.344798296689987183e-03
4.986847341060638428e-01
1.775946915149688721e-01
2.613415420055389404e-01
-1.440219581127166748e-01
-2.736094295978546143e-01
5.204238295555114746e-01
2.522566616535186768e-01
4.086178839206695557e-01
-5.394842475652694702e-02
-7.054167985916137695e-02
2.213705182075500488e-01
-2.248664200305938721e-01
-4.020938873291015625e-01
1.906964629888534546e-01
2.517884671688079834e-01
3.368313610553741455e-01
3.150475919246673584e-01
5.655017495155334473e-01
1.646773815155029297e-01
4.715751111507415771e-02
1.143937632441520691e-01
1.076029613614082336e-01
3.647964596748352051e-01
2.737065255641937256e-01
3.861902654170989990e-01
2.561328709125518799e-01
5.272227898240089417e-02
-6.877012550830841064e-02
1.722651124000549316e-01
2.035592049360275269e-01
1.879763305187225342e-01
4.580496810376644135e-03
-1.001684069633483887e-01
-1.696622967720031738e-01
6.790630519390106201e-02
-6.729323416948318481e-02
-2.199710309505462646e-01
2.732525467872619629e-01
-6.758388131856918335e-02
1.770685464143753052e-01
3.751153051853179932e-01
1.557821687310934067e-02
3.030286729335784912e-01
-2.263371050357818604e-01
1.789894551038742065e-01
3.704173564910888672e-01
-3.010132722556591034e-02
2.379275411367416382e-01
1.943860501050949097e-01
-6.684324890375137329e-02
-3.736960887908935547e-02
-6.416077166795730591e-02
-8.734165877103805542e-02
-1.750111207365989685e-02
4.058741629123687744e-01
5.099456906318664551e-01
3.003074824810028076e-01
1.238254364579916000e-02
-1.625853329896926880e-01
-1.409789025783538818e-01
5.049912724643945694e-03
2.424412071704864502e-01
1.728853732347488403e-01
7.200607657432556152e-02
1.232706680893898010e-01
-5.009430646896362305e-01
-4.271771311759948730e-01
-2.529953839257359505e-03
3.444786965847015381e-01
1.212597638368606567e-01
-4.701017588376998901e-02
-9.649580717086791992e-02
1.845136582851409912e-01
3.032818734645843506e-01
-1.810785382986068726e-01
-3.541216254234313965e-01
-4.090100228786468506e-01
-3.954489231109619141e-01
7.831935584545135498e-02
2.482556253671646118e-01
-3.096120990812778473e-02
5.883328616619110107e-02
6.116747856140136719e-01
2.299048751592636108e-01
-1.498459130525588989e-01
-1.008891090750694275e-01
7.785724103450775146e-02
2.574130892753601074e-01
-9.209829382598400116e-03
2.390037477016448975e-01
3.952417075634002686e-01
-2.981087565422058105e-01
-2.377379387617111206e-01
3.452414646744728088e-02
4.105904698371887207e-01
-1.965847164392471313e-01
-1.037725061178207397e-02
-1.249148175120353699e-01
-2.937430739402770996e-01
3.829756081104278564e-01
-1.789478212594985962e-02
1.821225434541702271e-01
2.078723013401031494e-01
-2.247323095798492432e-01
-5.190221127122640610e-04
2.435717880725860596e-01
-9.339580684900283813e-02
1.012208014726638794e-01
1.558648049831390381e-01
-2.673074007034301758e-01
2.089578360319137573e-01
5.403645038604736328e-01
-6.384270638227462769e-02
7.668623328208923340e-02
1.701666973531246185e-02
1.977631449699401855e-01
9.957294166088104248e-02
-3.634485602378845215e-01
2.136775106191635132e-01
2.605659663677215576e-01
3.152830600738525391e-01
1.498662028461694717e-02
-7.335846126079559326e-02
3.725337982177734375e-01
1.616299301385879517e-01
2.738242447376251221e-01
-4.919036477804183960e-02
6.826973557472229004e-01
3.391458690166473389e-01
4.268930554389953613e-01
-3.146940469741821289e-02
-8.110341429710388184e-02
3.148470222949981689e-01
5.381318926811218262e-01
1.816361099481582642e-01
1.942479163408279419e-01
1.721626669168472290e-01
2.173730283975601196e-01
6.530462205410003662e-02
1.877162009477615356e-01
-6.972278654575347900e-02
-1.306807696819305420e-01
8.785820752382278442e-02
3.440019488334655762e-01
8.606051094830036163e-03
2.821989655494689941e-01
-8.380340784788131714e-02
-1.791277341544628143e-02
2.271614372730255127e-01
2.571981213986873627e-02
4.887447357177734375e-01
3.152385056018829346e-01
1.211960911750793457e-01
2.967341244220733643e-01
-1.056927293539047241e-01
1.886016428470611572e-01
3.273083129897713661e-03
-3.642208501696586609e-02
3.689723610877990723e-01
3.725070953369140625e-01
6.980680227279663086e-01
2.805294096469879150e-01
2.658689916133880615e-01
3.542489707469940186e-01
1.274304930120706558e-02
-7.762330025434494019e-02
2.267973311245441437e-02
1.776691526174545288e-01
1.054381579160690308e-01
-1.172673329710960388e-01
3.242484927177429199e-01
1.618788540363311768e-01
1.296825855970382690e-01
2.297459691762924194e-01
1.543591320514678955e-01
8.604933321475982666e-02
-1.035505086183547974e-01
-1.264161616563796997e-01
4.875285178422927856e-02
1.325759291648864746e-01
-1.218381002545356750e-01
-1.329390853643417358e-01
3.400987982749938965e-01
-1.777481846511363983e-02
-4.819694533944129944e-02
-5.466936901211738586e-02
2.878102958202362061e-01
2.061447203159332275e-01
-8.798845112323760986e-02
2.736516594886779785e-01
1.528560817241668701e-01
-1.472129970788955688e-01
-2.005296349525451660e-01
-1.133420541882514954e-01
4.187448620796203613e-01
5.428709387779235840e-01
3.742144405841827393e-01
-1.121570020914077759e-01
2.045009434223175049e-01
-4.544712007045745850e-01
-2.588690519332885742e-01
-1.476781815290451050e-01
-2.598279118537902832e-01
-4.590719193220138550e-02
2.934740483760833740e-01
-1.159431487321853638e-01
7.911942601203918457e-01
-1.166575551033020020e-01
2.188261300325393677e-01
-1.196507457643747330e-02
-1.912886798381805420e-01
-5.636073648929595947e-02
1.292400956153869629e-01
2.939214706420898438e-01
3.176999092102050781e-01
-2.470304965972900391e-01
6.471494585275650024e-02
8.801075220108032227e-01
7.276681810617446899e-02
2.339067310094833374e-01
5.383268464356660843e-03
1.867555081844329834e-01
1.420387532562017441e-02
4.812866821885108948e-02
4.697989821434020996e-01
-1.142647638916969299e-01
6.749498844146728516e-01
1.091865003108978271e-01
-2.526201903820037842e-01
-1.501951664686203003e-01
6.416254490613937378e-02
2.187862992286682129e-01
4.656364321708679199e-01
1.931986659765243530e-01
-1.151698529720306396e-01
1.027447655797004700e-01
7.280167937278747559e-02
5.521392449736595154e-02
2.389352023601531982e-01
9.716023504734039307e-02
8.687203377485275269e-02
1.301430910825729370e-01
2.186639457941055298e-01
3.623189032077789307e-01
2.480722218751907349e-01
-8.028548210859298706e-02
-2.537244260311126709e-01
1.690561324357986450e-01
2.453047037124633789e-01
-5.227121710777282715e-01
2.050904780626296997e-01
-4.464385211467742920e-01
4.393073022365570068e-01
1.083438917994499207e-01
-7.600897923111915588e-03
3.996171355247497559e-01
3.415817916393280029e-01
-5.720088481903076172e-01
-3.956627845764160156e-02
-2.536571919918060303e-01
-3.387662768363952637e-02
2.432340234518051147e-01
4.579406231641769409e-02
2.305920720100402832e-01
1.621511429548263550e-01
-7.087054848670959473e-02
1.240945309400558472e-01
2.565463185310363770e-01
1.583388298749923706e-01
