-4.804936796426773071e-02
-7.675178349018096924e-02
-5.756228789687156677e-02
-8.868815749883651733e-02
-6.865289062261581421e-02
-4.865527153015136719e-02
-4.422042146325111389e-02
-4.687431082129478455e-02
-3.967430815100669861e-02
-8.642222732305526733e-02
-5.097496882081031799e-02
-7.035465538501739502e-02
-1.394734019413590431e-03
-6.847676355391740799e-03
-1.405515056103467941e-02
-4.634258523583412170e-02
-1.484284456819295883e-02
-5.005131289362907410e-02
-4.009503126144409180e-02
-2.575296908617019653e-02
-5.651595443487167358e-02
-1.565885962918400764e-03
-8.466447144746780396e-02
-2.554543875157833099e-02
5.134012084454298019e-03
-2.646748721599578857e-02
-2.252502180635929108e-02
-1.213702256791293621e-03
-3.988892305642366409e-03
-7.322442531585693359e-02
-7.222913205623626709e-02
-1.042165234684944153e-02
-1.269222819246351719e-03
-2.896003238856792450e-02
-1.022981945425271988e-02
-9.231013804674148560e-02
-8.833190798759460449e-02
-9.509446471929550171e-02
-6.676596403121948242e-02
-8.832073956727981567e-02
-1.161098629236221313e-01
-1.450659614056348801e-02
-8.778612315654754639e-02
-9.217841923236846924e-02
-6.206111237406730652e-02
-3.249543532729148865e-02
-1.104178000241518021e-02
-7.500360906124114990e-02
-6.221066415309906006e-02
-8.289261907339096069e-02
-8.655854314565658569e-02
-7.933603972196578979e-02
1.793647184967994690e-03
-3.744374029338359833e-03
-2.842385554686188698e-03
-1.080288924276828766e-02
-2.801825664937496185e-02
-3.202287107706069946e-02
-7.614038139581680298e-02
-8.108897507190704346e-02
-4.565129522234201431e-03
-3.573863580822944641e-02
-5.396422930061817169e-03
-2.336584962904453278e-02
-4.995013400912284851e-02
-4.435173422098159790e-02
-5.192028358578681946e-02
-1.116752773523330688e-01
-1.369366943836212158e-01
-7.712282240390777588e-02
-1.088953614234924316e-01
-6.841564178466796875e-02
-1.414931714534759521e-01
-1.706837266683578491e-01
-1.253183335065841675e-01
-1.004081070423126221e-01
-1.126026809215545654e-01
-5.344532802700996399e-02
-7.413887232542037964e-02
-4.255395755171775818e-02
-8.830492943525314331e-02
-6.883706897497177124e-02
-5.421635136008262634e-02
-5.843265727162361145e-02
-2.869764715433120728e-02
-4.934353381395339966e-02
-1.220693811774253845e-02
-7.823875546455383301e-02
-6.217322871088981628e-02
-6.009682640433311462e-02
-4.614987969398498535e-02
-4.291941970586776733e-02
-5.692806094884872437e-02
-9.825599193572998047e-02
-1.297219246625900269e-01
-9.134551137685775757e-02
-7.598818093538284302e-02
-8.437722176313400269e-02
-1.455980688333511353e-01
-1.651008278131484985e-01
-1.092026233673095703e-01
-8.319424837827682495e-02
-1.188945844769477844e-01
-1.483961641788482666e-01
-1.590895205736160278e-01
-8.033478260040283203e-02
-9.599920362234115601e-02
-1.205754466354846954e-02
3.705917624756693840e-03
-4.979903250932693481e-02
-4.578182101249694824e-02
-3.852710872888565063e-02
-3.902191063389182091e-03
-5.127858743071556091e-02
-7.712907344102859497e-02
-1.884048804640769958e-02
-6.520034372806549072e-02
1.851503475336357951e-04
-4.288846254348754883e-02
-2.502784319221973419e-02
-1.202569678425788879e-01
-9.685026854276657104e-02
-1.417481899261474609e-01
-1.100815683603286743e-01
-1.144457459449768066e-01
-1.775163561105728149e-01
-1.286345124244689941e-01
-1.302670240402221680e-01
-1.527291387319564819e-01
-1.597814261913299561e-01
-1.638158261775970459e-01
-2.258695065975189209e-01
-1.636589467525482178e-01
-1.517820209264755249e-01
-7.559984922409057617e-02
-2.174082025885581970e-02
-7.429955154657363892e-02
-7.677344232797622681e-02
-4.542269557714462280e-02
6.263379473239183426e-03
-3.530145063996315002e-02
-7.250253856182098389e-02
-5.949577689170837402e-02
-3.367125242948532104e-02
-3.735318779945373535e-02
-4.330383962951600552e-04
-2.226590178906917572e-02
-6.756351143121719360e-02
-1.181468963623046875e-01
-1.162785962224006653e-01
-1.261043697595596313e-01
-1.324653029441833496e-01
-1.116258949041366577e-01
-1.399569064378738403e-01
-8.126075565814971924e-02
-5.602838471531867981e-02
-1.137858107686042786e-01
-1.313712149858474731e-01
-1.623757481575012207e-01
-1.830985993146896362e-01
-1.696268171072006226e-01
-1.112953796982765198e-01
-7.698009163141250610e-02
-9.795469790697097778e-02
-8.903287351131439209e-02
-1.646918617188930511e-02
-2.516992390155792236e-02
-7.093136757612228394e-02
-2.149221859872341156e-02
-1.260991115123033524e-02
-8.210802078247070312e-02
-1.860301196575164795e-02
-8.085417002439498901e-02
-7.026318460702896118e-02
-8.559330552816390991e-02
-1.080744937062263489e-01
-1.249550282955169678e-01
-9.608603268861770630e-02
-5.779400095343589783e-02
-1.024970635771751404e-01
-3.843621909618377686e-02
-7.367975264787673950e-02
-2.722571790218353271e-02
-6.673552095890045166e-02
-1.327913254499435425e-01
-1.310848146677017212e-01
-1.231313198804855347e-01
-1.963438987731933594e-01
-1.636814624071121216e-01
-9.499200433492660522e-02
-4.634830355644226074e-02
-4.917496442794799805e-02
-1.100428998470306396e-01
-4.094107821583747864e-02
-5.029373988509178162e-02
-7.169626653194427490e-02
-5.288647115230560303e-02
4.152487963438034058e-03
-4.932534694671630859e-02
-2.806498296558856964e-02
-1.095904111862182617e-01
-1.054762080311775208e-01
-1.098111271858215332e-01
-1.046746820211410522e-01
-1.210242956876754761e-01
-1.481265574693679810e-01
-7.934920489788055420e-02
-7.333035022020339966e-02
-8.454711735248565674e-02
-7.336774468421936035e-02
-1.242534592747688293e-01
-1.406328231096267700e-01
-1.449795365333557129e-01
-1.590037345886230469e-01
-7.359285652637481689e-02
-1.134740933775901794e-01
-6.962361931800842285e-02
-6.681273132562637329e-02
-7.540342211723327637e-02
-7.722325623035430908e-02
-1.034653261303901672e-01
-1.191185936331748962e-01
-9.770165383815765381e-02
-5.546730756759643555e-02
-8.133453875780105591e-02
-3.769874945282936096e-02
-3.151899902150034904e-03
-1.496037468314170837e-02
-3.901030123233795166e-02
-1.026514247059822083e-01
-1.065888926386833191e-01
-8.825117349624633789e-02
-1.462055146694183350e-01
-1.507643163204193115e-01
-1.444694995880126953e-01
-9.680607169866561890e-02
-6.930562853813171387e-02
-1.439013332128524780e-01
-1.094442903995513916e-01
-1.239260807633399963e-01
-1.714313030242919922e-01
-1.397461295127868652e-01
-7.334271818399429321e-02
-9.304416179656982422e-02
-1.163319274783134460e-01
-9.024368226528167725e-02
-1.181587576866149902e-01
-1.236041188240051270e-01
-1.232881098985671997e-01
-6.160803511738777161e-02
-1.023473590612411499e-02
6.837552879005670547e-03
-6.246320903301239014e-02
-1.270737871527671814e-02
8.641752065159380436e-04
-1.777909509837627411e-02
-6.004854291677474976e-02
-1.502071619033813477e-01
-1.482060551643371582e-01
-1.708537191152572632e-01
-9.258867800235748291e-02
-1.192319542169570923e-01
-1.511355340480804443e-01
-6.325183808803558350e-02
-8.280672878026962280e-02
-1.128327921032905579e-01
-1.139399707317352295e-01
-1.168215498328208923e-01
-9.541226178407669067e-02
-8.346287906169891357e-02
-1.140192374587059021e-01
-9.106588363647460938e-02
-1.209001243114471436e-01
-1.782189607620239258e-01
-1.385491788387298584e-01
-6.028833985328674316e-02
-6.289139389991760254e-02
-1.223162934184074402e-01
-6.023684516549110413e-02
-7.703950256109237671e-02
-4.932370036840438843e-02
-9.241341799497604370e-02
-1.165036577731370926e-02
-7.659941166639328003e-02
-9.950426220893859863e-02
-1.034826338291168213e-01
-9.088256955146789551e-02
-1.785751283168792725e-01
-1.537771672010421753e-01
-1.317781507968902588e-01
-1.227627769112586975e-01
-5.427774786949157715e-02
3.263086453080177307e-02
-2.611938491463661194e-02
-9.904430061578750610e-02
-5.503480136394500732e-02
-4.232645779848098755e-02
-1.297678947448730469e-01
-1.062867194414138794e-01
-1.312307119369506836e-01
-1.746548265218734741e-01
-1.281573325395584106e-01
-1.536262184381484985e-01
-1.302736401557922363e-01
-1.171030290424823761e-02
-4.200303182005882263e-02
-7.015060633420944214e-02
4.963087383657693863e-03
-6.416847556829452515e-02
-9.396949410438537598e-02
-3.107085265219211578e-02
-4.264961183071136475e-02
-1.072790548205375671e-01
-4.998737573623657227e-02
-9.904511272907257080e-02
-1.853213310241699219e-01
-1.045099273324012756e-01
-1.231637671589851379e-01
4.688746295869350433e-03
5.924479104578495026e-03
4.682015255093574524e-02
-6.925345957279205322e-02
-8.682416379451751709e-02
-2.973947487771511078e-02
-6.002080813050270081e-02
-9.315092861652374268e-02
-1.130918487906455994e-01
-1.828257888555526733e-01
-1.555939614772796631e-01
-1.591491103172302246e-01
-1.148291155695915222e-01
-7.165213674306869507e-02
-4.012282565236091614e-02
-2.809117920696735382e-02
-2.373676188290119171e-02
-8.224783092737197876e-02
-5.172385275363922119e-02
-3.241811320185661316e-02
-3.528669849038124084e-02
-9.259507805109024048e-02
-5.521295219659805298e-02
-5.852767452597618103e-02
-1.114158630371093750e-01
-2.013311684131622314e-01
-1.441744714975357056e-01
-1.146426126360893250e-01
-4.600447416305541992e-02
3.177283704280853271e-02
-5.327013507485389709e-02
-7.448066771030426025e-02
-9.970554709434509277e-02
-1.402711570262908936e-01
-1.114087402820587158e-01
-2.547293305397033691e-01
-1.742397844791412354e-01
-1.340096890926361084e-01
-1.239886209368705750e-01
-1.017416194081306458e-01
-8.296147733926773071e-02
-9.446907043457031250e-02
-3.313628956675529480e-02
-5.602693557739257812e-02
-4.703071340918540955e-02
-2.979883924126625061e-02
-6.942939013242721558e-02
-6.098636612296104431e-02
-1.433160435408353806e-02
-3.713194653391838074e-02
2.208578400313854218e-03
-1.246640831232070923e-01
-1.050477251410484314e-01
-2.113799154758453369e-01
-1.258592754602432251e-01
-1.486341059207916260e-01
-7.798176258802413940e-02
-3.779673203825950623e-02
-2.895416319370269775e-02
-7.284291833639144897e-02
-1.399543136358261108e-01
-1.449175775051116943e-01
-1.079106181859970093e-01
-2.434569448232650757e-01
-2.011720091104507446e-01
-1.303869783878326416e-01
-6.394822150468826294e-02
-9.233598411083221436e-02
-3.679751232266426086e-02
-5.740454420447349548e-02
-8.881502784788608551e-03
-4.520332068204879761e-02
1.227557379752397537e-02
-1.993580162525177002e-02
-4.427272453904151917e-02
5.254331044852733612e-03
1.183559466153383255e-02
-8.611002005636692047e-03
-2.942977473139762878e-02
-5.198685079813003540e-02
-1.165728569030761719e-01
-1.488651037216186523e-01
-1.268998831510543823e-01
-1.675556600093841553e-01
-8.755049854516983032e-02
-3.632161021232604980e-02
-9.255703538656234741e-02
-1.220735311508178711e-01
-1.967519074678421021e-01
-1.500794142484664917e-01
-9.306329488754272461e-02
-1.284346729516983032e-01
-1.280249506235122681e-01
-8.216129243373870850e-02
-7.553931325674057007e-02
-1.247540861368179321e-01
-7.997357845306396484e-02
-5.794499069452285767e-02
1.475476287305355072e-02
-4.426862671971321106e-02
-3.640652075409889221e-02
-2.008243091404438019e-02
-2.730296365916728973e-02
-2.368918433785438538e-02
-8.196464180946350098e-02
1.146485842764377594e-02
-6.649164855480194092e-02
-1.505549252033233643e-01
-9.819959104061126709e-02
-1.412003040313720703e-01
-1.300228685140609741e-01
-1.982810646295547485e-01
-1.519170105457305908e-01
-1.472661942243576050e-01
-1.539894938468933105e-01
-2.282163500785827637e-01
-1.800086945295333862e-01
-1.251895278692245483e-01
-1.225927919149398804e-01
-8.424814045429229736e-02
-1.319989562034606934e-01
-8.806263655424118042e-02
-7.364834845066070557e-02
-9.958706796169281006e-02
-6.539215892553329468e-02
-2.417322061955928802e-02
-1.949517615139484406e-02
5.577545380219817162e-04
-1.740157604217529297e-02
-1.323399879038333893e-02
-5.610954016447067261e-02
-7.403804361820220947e-02
-2.871467918157577515e-02
-8.100575208663940430e-02
-1.144064441323280334e-01
-1.446697711944580078e-01
-9.919772297143936157e-02
-1.074260696768760681e-01
-9.805984795093536377e-02
-1.307985484600067139e-01
-1.602843999862670898e-01
-1.671071052551269531e-01
-1.438525319099426270e-01
-2.007467597723007202e-01
-1.348379254341125488e-01
-3.857355192303657532e-02
-6.597942858934402466e-02
-1.132991313934326172e-01
-1.096675246953964233e-01
-7.032396644353866577e-02
-8.629491925239562988e-02
-6.888078153133392334e-02
-1.044915765523910522e-01
-8.049239963293075562e-02
7.485752576030790806e-04
-1.575801894068717957e-02
-2.318398654460906982e-02
-6.711369007825851440e-02
-6.705430150032043457e-02
-7.782924175262451172e-02
-6.155581399798393250e-02
-4.203760530799627304e-03
-5.541209876537322998e-02
-1.357369422912597656e-01
-8.289891481399536133e-02
4.323884472250938416e-02
-3.287957236170768738e-02
-8.566638827323913574e-02
-1.907136887311935425e-01
-1.668521910905838013e-01
-9.373125433921813965e-02
-6.266378611326217651e-02
-1.543430518358945847e-02
-5.833274871110916138e-02
-1.113431230187416077e-01
-1.086872369050979614e-01
-1.897950470447540283e-01
-9.750736504793167114e-02
-6.731426715850830078e-02
-6.221480667591094971e-02
-5.175130069255828857e-02
-7.230781763792037964e-02
-9.103157371282577515e-02
-3.572648018598556519e-02
-5.383156239986419678e-02
-2.447051368653774261e-02
1.595803303644061089e-03
-3.388032689690589905e-02
-8.825667202472686768e-02
-9.580607712268829346e-02
-5.327837541699409485e-02
-1.261453032493591309e-01
-4.149226099252700806e-02
4.396170005202293396e-02
2.683868072926998138e-02
-4.158006981015205383e-02
-1.155995205044746399e-01
-1.514794528484344482e-01
-1.086775287985801697e-01
-7.937729358673095703e-02
-6.446658074855804443e-02
4.476203175727277994e-04
-1.427034139633178711e-01
-2.224883884191513062e-01
-1.824255138635635376e-01
-1.554224640130996704e-01
-1.012268662452697754e-01
-1.606617867946624756e-01
-8.853638917207717896e-02
-9.567149728536605835e-02
-1.058979704976081848e-01
-6.848829239606857300e-02
-5.476327985525131226e-02
-3.186912462115287781e-02
-4.392673075199127197e-02
-7.577817142009735107e-02
-3.799848724156618118e-03
-1.054242774844169617e-01
-8.155140280723571777e-02
-8.778142184019088745e-02
-1.129912734031677246e-01
1.998968422412872314e-03
-5.204362049698829651e-02
-9.321358054876327515e-02
-1.773765832185745239e-01
-1.486309319734573364e-01
-1.336942911148071289e-01
-1.337283551692962646e-01
-6.439604610204696655e-02
-9.062032401561737061e-02
-1.416584402322769165e-01
-2.165233492851257324e-01
-1.731481552124023438e-01
-1.717132180929183960e-01
-1.654204726219177246e-01
-1.449408084154129028e-01
-1.031456738710403442e-01
-5.325706303119659424e-02
-7.849776744842529297e-02
-7.895977050065994263e-02
-7.108286023139953613e-02
-4.648208990693092346e-02
-7.411849498748779297e-02
-2.574843727052211761e-02
-6.544145941734313965e-02
-7.249501068145036697e-03
-7.541925460100173950e-02
-7.984318584203720093e-02
-1.359633952379226685e-01
-1.419239789247512817e-01
-1.068902239203453064e-01
-1.518563479185104370e-01
-1.534950286149978638e-01
-1.932813376188278198e-01
-1.196491792798042297e-01
-1.598108857870101929e-01
-8.555314689874649048e-02
-1.469689160585403442e-01
-1.540889739990234375e-01
-1.691644042730331421e-01
-1.307523250579833984e-01
-1.557894498109817505e-01
-1.866525113582611084e-01
-1.449454426765441895e-01
-1.323672086000442505e-01
-3.782594576478004456e-02
-7.524248212575912476e-02
-5.381095409393310547e-02
-4.619568213820457458e-02
-1.052306406199932098e-02
-2.354969270527362823e-02
-5.064454302191734314e-02
-3.933345526456832886e-02
-4.060220904648303986e-03
-5.096441507339477539e-02
-1.070520058274269104e-01
-1.740742772817611694e-01
-1.437023133039474487e-01
-1.831332147121429443e-01
-8.225341141223907471e-02
-1.179549396038055420e-01
-9.803427755832672119e-02
-1.406177729368209839e-01
-6.569164991378784180e-02
-1.497201770544052124e-01
-1.185246706008911133e-01
-1.430056989192962646e-01
-1.074715182185173035e-01
-2.064527869224548340e-01
-1.312584280967712402e-01
-1.779459863901138306e-01
-1.366468816995620728e-01
-1.023827195167541504e-01
-7.733052968978881836e-02
-3.851948678493499756e-02
-5.598620511591434479e-03
-6.785581260919570923e-02
-1.046103890985250473e-02
-6.793771684169769287e-02
-6.659402698278427124e-02
-5.625908076763153076e-02
-5.011291056871414185e-02
-9.001264697872102261e-04
-9.802720695734024048e-02
-1.300810128450393677e-01
-1.839884966611862183e-01
-1.507608741521835327e-01
-1.640940010547637939e-01
-8.962116390466690063e-02
-6.883995234966278076e-02
-2.338221669197082520e-02
-7.977031171321868896e-02
-6.091073527932167053e-02
-5.567783489823341370e-02
-1.257250905036926270e-01
-1.784309744834899902e-01
-1.342473626136779785e-01
-1.169701963663101196e-01
-8.311097323894500732e-02
-2.867850847542285919e-02
-4.951279982924461365e-02
-7.113316655158996582e-02
-1.030981726944446564e-02
1.100694760680198669e-02
3.562208265066146851e-03
9.239738807082176208e-03
-7.560691237449645996e-02
3.199639962986111641e-03
3.893321380019187927e-03
-4.106843098998069763e-02
-2.089619450271129608e-02
-2.595551684498786926e-02
-8.487328886985778809e-02
-1.165482774376869202e-01
-1.652126312255859375e-01
-1.366501897573471069e-01
-1.616299301385879517e-01
-7.377375662326812744e-02
-1.178199425339698792e-01
-1.104920953512191772e-01
-1.101971119642257690e-01
-1.627018153667449951e-01
-1.963589191436767578e-01
-1.410023719072341919e-01
-1.936717480421066284e-01
-1.244728118181228638e-01
-1.361856907606124878e-01
-8.333963155746459961e-02
-9.228429757058620453e-03
-3.681145235896110535e-02
1.117219775915145874e-02
-6.952511146664619446e-03
-1.353640295565128326e-02
-3.725284710526466370e-02
-6.867547333240509033e-02
-5.774238333106040955e-02
-4.934145882725715637e-02
-5.221820622682571411e-02
-2.067013271152973175e-02
-4.875262733548879623e-03
-5.848780646920204163e-02
-8.473918586969375610e-02
-1.267341524362564087e-01
-1.257864683866500854e-01
-1.583411991596221924e-01
-7.822898775339126587e-02
-1.015500426292419434e-01
-8.941929042339324951e-02
-1.411765813827514648e-01
-8.546254038810729980e-02
-1.653920412063598633e-01
-1.684563159942626953e-01
-4.718617349863052368e-02
-1.120325475931167603e-01
-3.238657489418983459e-02
-4.656069725751876831e-02
-3.109444677829742432e-02
-3.534770384430885315e-02
-4.924852401018142700e-02
-3.093309141695499420e-02
-6.378829479217529297e-02
-8.838064223527908325e-02
-2.984586171805858612e-02
-8.163236081600189209e-02
-4.274146258831024170e-02
-4.454201087355613708e-02
-1.544924825429916382e-02
-2.967988699674606323e-02
-5.334980040788650513e-02
-7.094318419694900513e-02
-7.756239920854568481e-02
-3.663405030965805054e-02
-8.274631947278976440e-02
-7.627578079700469971e-02
-9.765887260437011719e-02
-8.874383568763732910e-02
-1.145556196570396423e-01
-6.020070612430572510e-02
-1.181331425905227661e-01
-8.145779371261596680e-02
-4.977865517139434814e-02
-1.908282749354839325e-02
-1.080827116966247559e-01
-7.634660229086875916e-03
-7.213046401739120483e-02
-5.562565755099058151e-03
-7.655589282512664795e-02
-6.368295103311538696e-02
-6.855062395334243774e-02
-1.754353940486907959e-02
-2.750786207616329193e-02
-5.129041150212287903e-02
-8.628755062818527222e-02
-1.536957081407308578e-02
-4.674994945526123047e-02
-7.034825533628463745e-02
-8.458925038576126099e-02
-3.335308656096458435e-02
-8.202943205833435059e-02
-1.128881871700286865e-01
-8.491662144660949707e-02
-1.222808361053466797e-01
-1.036914214491844177e-01
-7.372567802667617798e-02
-5.103775486350059509e-02
-8.576349914073944092e-02
-7.807486504316329956e-02
-3.563775494694709778e-02
-9.576546400785446167e-02
-7.343166321516036987e-02
-7.578511536121368408e-02
-1.476995833218097687e-02
-4.910133779048919678e-02
-8.806663751602172852e-02
-8.757298439741134644e-02
-7.411372661590576172e-02
-8.209709078073501587e-02
-8.609776198863983154e-02
-2.682178094983100891e-02
-8.551994711160659790e-02
-4.188746213912963867e-02
-1.677302876487374306e-03
-2.330381423234939575e-02
-1.884490437805652618e-02
-7.249139994382858276e-02
-8.396459743380546570e-03
-5.883411690592765808e-02
-4.109076783061027527e-02
-8.722933381795883179e-02
-3.060348704457283020e-02
-1.152315586805343628e-01
-3.949835151433944702e-02
-4.831587523221969604e-02
-8.704289048910140991e-02
-1.008745878934860229e-01
-9.810433536767959595e-02
-7.796049118041992188e-02
-8.381525427103042603e-02
-1.658817939460277557e-02
-3.850004822015762329e-02
-8.302079886198043823e-02
-3.568355366587638855e-02
8.122936822474002838e-03
-1.626391895115375519e-02
-8.696889877319335938e-02
3.046919591724872589e-03
