1.666638819909762592e-05
1.666611043060202307e-05
1.666583266673581781e-05
7.065785005150074585e-03
1.666527518096695893e-05
5.600957788283573990e-03
1.666471415984621481e-05
1.636925237773006808e-03
1.587354664320806200e-02
1.174200744665538157e-02
7.481290219551789758e-03
4.741181782989194009e-03
8.487817861450268689e-03
6.509356213988413790e-03
1.666239468364432208e-05
1.666209640042833415e-05
1.666179812255208257e-05
1.666149985001548264e-05
8.698080012170320702e-03
1.666090051266084173e-05
9.199628836603008716e-03
1.666029535998895180e-05
1.665999127758445883e-05
1.665968720073005439e-05
1.665938312942564020e-05
1.665907906367111125e-05
7.025586599198069965e-03
1.665846859583967090e-05
1.665816219384878418e-05
1.665785579749360406e-05
1.368588282334757579e-02
1.665723832640552958e-05
7.450875055591480237e-03
1.665661356856889188e-05
1.665629989119859599e-05
1.665598621973547400e-05
1.665567255417941408e-05
1.665535889453030106e-05
1.100103931591302903e-02
1.665472764841172948e-05
1.426208537239113255e-02
1.665408721600607463e-05
1.665376437617898829e-05
4.261959080212077491e-03
1.665311711208008197e-05
1.665279268787033258e-05
1.665246826998078729e-05
1.665214385841131734e-05
1.665181945316180755e-05
1.665149505423212917e-05
1.665117066162216021e-05
1.665084627533177871e-05
9.627107028863142110e-03
1.665019383286372534e-05
1.664986577683035400e-05
1.036422574345936820e-02
4.948700370026457712e-03
9.163292306033134563e-03
1.664853374576803256e-05
1.150968713847848671e-02
8.010259782249036856e-03
1.664750738867716343e-05
1.664716140531922651e-05
1.664681542915182681e-05
5.147277471139945215e-03
9.795498476552224471e-03
1.664576875155104467e-05
1.664541624253229092e-05
1.302626643217709435e-02
5.517231270102887150e-03
9.632322537191210371e-03
2.689184143886092990e-03
1.664361192022245989e-05
1.664324508235120274e-05
1.664287825256532908e-05
1.664251143086466274e-05
1.664214461724902413e-05
1.193822681891644651e-02
1.664140512991457271e-05
2.066640859505131794e-02
1.664064913933438068e-05
1.664026583104139703e-05
7.731085678973566994e-03
1.663949510358201097e-05
7.572801119055415364e-03
7.001293825482840516e-03
1.663832068758845558e-05
1.663792524991192497e-05
8.078404917466124741e-03
1.663712979596962329e-05
5.953970812393347307e-03
1.663632631145510202e-05
1.663592285277133248e-05
6.978983378071715662e-03
1.663511182790929411e-05
1.663470426193223287e-05
1.663429670594068042e-05
1.663388915993438942e-05
1.663348162391311592e-05
1.189539385719898777e-02
1.663265932441268912e-05
1.663224456129183074e-05
1.663182980851378337e-05
4.019678475495920902e-03
3.615317468916855702e-03
1.663057832654160219e-05
1.663015883395516569e-05
1.662973935195008162e-05
1.662931988052608230e-05
1.662890041968290345e-05
1.268687286487252611e-02
1.662805331020410479e-05
5.844083958180159265e-03
1.662719413519574108e-05
1.662676261960396818e-05
9.612785683773696077e-03
1.662589306045910472e-05
1.662545501724860172e-05
1.662501698557924449e-05
1.662457896545073150e-05
1.662414095686275104e-05
1.662370295981500834e-05
8.198434069872280808e-03
8.076464558802769894e-03
1.662237171173630950e-05
1.662192218945183190e-05
1.142971808878195591e-02
1.210764888858702898e-02
1.662054731839481927e-05
1.662007997330373628e-05
1.661961264135369861e-05
1.661914532254434374e-05
1.661867801687530235e-05
1.661821072434619838e-05
1.661774344495666589e-05
1.661727617870633559e-05
6.233894320764460373e-03
1.661633671765972743e-05
1.661586452314357693e-05
1.661539234204601056e-05
1.661492017436664548e-05
9.283888726433056626e-03
1.661396827490583693e-05
1.661348854355930760e-05
1.661300882606510428e-05
1.661252912242283054e-05
1.661204943263208997e-05
1.661156975669247601e-05
1.661109009460359223e-05
5.022189655652656987e-03
1.661012660180954310e-05
1.660964277134778454e-05
1.297345329265701822e-03
1.660867406358121489e-05
1.660818918633909781e-05
3.841079553124424582e-03
3.882679708287110811e-03
1.660672471357187846e-05
3.435136161272620350e-03
1.660573878666539010e-05
1.660524433901759697e-05
1.660474990609233083e-05
1.000815478467323438e-02
4.549534962782672207e-03
1.660324445445959438e-05
1.660273686008362901e-05
6.286351002776748367e-03
1.660171578943693115e-05
1.388248761433756584e-02
6.412586505362071268e-03
1.660014165118451945e-05
3.878628125224945281e-03
1.448993156944169665e-03
5.971966992388739320e-03
1.659798605015698925e-05
1.659744066954066001e-05
1.659689530684457315e-05
2.126237929395943110e-02
1.659578068967364968e-05
1.659521143680579380e-05
1.659464220346391761e-05
9.198132950680570213e-03
1.659349278371072015e-05
1.659291259806079341e-05
1.659233243269685174e-05
1.659175228761818703e-05
5.622094413379265070e-03
6.399212767042251372e-03
1.024414847069929878e-02
1.658938144841505671e-05
1.658877291504708699e-05
3.846846651879790718e-03
1.658755071734465439e-05
1.658693705339152574e-05
3.834459908557097743e-03
1.658570452332843774e-05
1.658508565760842524e-05
1.658446681498027239e-05
7.724943095422118731e-03
1.528187967453882752e-02
9.653566007176549862e-03
1.248395742126264321e-02
1.658120946541630450e-05
8.758909620817927066e-03
6.915074845243234999e-03
1.657910046078336040e-05
1.657838394399962619e-05
1.657766745818236621e-05
1.657695100333024215e-05
1.657623457944191908e-05
1.657551818651605531e-05
1.657480182455131252e-05
1.657408549354635240e-05
1.657336919349984002e-05
1.348877302059357623e-02
1.657191060662623373e-05
1.657116832209172934e-05
1.603315347763025313e-03
1.656968065556781083e-05
1.656893527386245427e-05
6.911649373628953909e-03
7.444341263023832034e-03
1.656665495519504236e-05
1.656587955487113042e-05
1.656510419083973763e-05
1.656432886309916992e-05
1.741071664605788006e-03
1.656277452010904359e-05
1.656199550521233855e-05
8.477513060931796823e-03
1.656041840714192148e-05
5.431492328332717355e-03
1.655880950548153721e-05
8.922562561098766609e-03
4.721218135345766828e-03
1.655632135652906626e-05
1.655547670136327910e-05
4.415893893699756288e-03
1.655377591258503262e-05
8.328070431750945676e-03
1.655204086783624873e-05
1.655116200217950835e-05
4.814729068304051014e-03
1.641638376796897281e-02
7.164848561013199141e-03
6.472304864243632293e-03
1.654649217590994884e-05
9.683909813938190378e-03
1.153647735610960345e-02
1.654340758637012890e-05
7.084960850624111468e-03
6.487520117589588332e-03
1.654010510493697189e-05
7.877959787563514754e-03
1.653780631403026799e-05
1.187488401820125002e-02
1.653540755942172087e-05
1.653417714843695945e-05
1.653294682900792152e-05
6.772734732786910884e-03
1.653044788274248621e-05
1.652917926172434797e-05
8.198867625513838950e-03
1.652659221680754259e-05
6.635024150075144803e-03
1.652391197870875178e-05
1.652255026890833570e-05
7.140451918210628107e-03
1.651977702377147928e-05
1.651836549683641993e-05
1.800999447999524980e-02
1.467660530402161573e-02
1.651369996221566691e-05
1.651200214390018033e-05
5.179019567302144481e-03
1.650855064827165821e-05
1.650679698270898557e-05
1.056301435900358632e-02
1.650316253371282498e-05
3.261978864386811273e-03
1.649935811978230202e-05
3.930042056694290666e-03
1.649545677752352406e-05
1.649347910671749445e-05
1.649150167301807063e-05
1.272743533030307704e-02
1.648734620393057124e-05
1.648516821921493393e-05
1.648299052221190617e-05
1.648081311288348327e-05
1.647863599119166056e-05
1.647645915709844354e-05
1.647428261056583769e-05
1.647210635155585867e-05
1.646993038003052552e-05
1.646775469595186068e-05
1.646557929928188995e-05
9.280415641886653397e-03
6.210108777899582197e-03
1.645857230156352812e-05
1.645609025183536272e-05
7.775456992414710340e-03
5.284057795988139107e-03
3.672066558591648069e-03
1.644519174942125843e-05
1.644226400605522335e-05
1.643933678391638420e-05
1.643641008291194682e-05
1.643348390294913739e-05
1.643055824393519225e-05
9.825338564871558683e-03
1.642436061760739759e-05
1.642108878133772396e-05
1.641781759683848008e-05
1.641454706397982936e-05
1.641127718263195892e-05
1.640800795266508975e-05
1.640473937394945302e-05
1.640147144635532394e-05
1.639820416975299128e-05
1.639493754401277428e-05
5.199360563995000968e-03
1.638818674199807177e-05
1.638470265585634185e-05
1.638121931042231869e-05
1.637773670553853208e-05
1.637425484104753894e-05
1.637077371679194021e-05
1.636729333261436055e-05
6.104327340429326759e-03
1.636003598917924664e-05
1.395919825962145706e-02
1.635155806229837157e-05
1.634685831367327092e-05
1.634215991584526557e-05
1.633746286842611289e-05
1.633276717102767527e-05
1.632807282326193709e-05
1.632337982474098097e-05
1.631868817507701829e-05
1.631399787388234851e-05
1.630930892076940664e-05
1.630462131535072591e-05
5.415985780092426316e-03
1.629475713878752506e-05
1.628958086517943144e-05
1.628440623589215964e-05
5.140941432251476366e-03
1.627348731368585206e-05
1.626774340506070423e-05
1.626200152381209032e-05
1.625626166922442676e-05
1.625052384058237387e-05
1.624478803717085967e-05
1.623905425827505274e-05
1.623332250318037574e-05
1.622759277117250885e-05
1.622186506153738296e-05
7.190179383433379333e-03
1.620935658195373297e-05
1.620257662741256488e-05
1.619579950875098907e-05
1.618902522478283076e-05
5.699325030135902331e-03
1.617431966577927111e-05
1.616638944730478900e-05
9.314130723744026841e-03
1.614742709358758389e-05
1.613639860764615053e-05
1.612537765401940071e-05
6.091280893696009689e-03
1.609954169335964523e-05
1.608473279342193440e-05
1.606993751520846572e-05
1.605515584618951786e-05
1.604038777384689593e-05
5.853144104629322796e-03
7.532433917231492852e-03
1.594027079987846225e-05
1.587732587686393280e-05
1.581462951068905777e-05
3.989067513921644610e-03
3.928224618479821006e-08
9.796071367927646179e-11
2.442910565602621151e-13
6.092046298341860462e-16
1.519213540752474562e-18
3.788562445810404558e-21
9.447786648006690659e-24
2.356056520722884495e-26
5.875452670183936463e-29
1.465200167139846802e-31
3.653865753491849859e-34
9.111884672106011626e-37
2.272290441933777845e-39
5.666559705595619817e-42
1.413107158507656184e-44
3.523958001275341711e-47
8.787925190228396588e-50
2.191502541206030143e-52
